5 2509 26100 0.333351 1 1.00005 1 1
10 2373 21830 1.09103 2 2.25005 3 2
15 2399 21069 0.999973 2 2.74998 3 2
20 2710 21196 1.23816 2 3.25025 4 3
25 2881 21287 1.30768 2 3.50024 4 3
30 3122 21346 1.4813 2 3.87019 4 3
35 3444 21541 1.55557 3 4.06018 5 4
40 3838 21650 1.8049 3 4.25008 5 4
45 4083 21866 1.87307 3 4.38001 5 4
50 4466 21926 2.04555 3 4.56998 5 4
55 4736 22050 2.07444 3 4.69006 5 4
60 5100 22110 2.19433 3 4.87016 5 4
65 5558 22461 2.21232 3 5.00021 5 5
70 5981 22550 2.22216 3 5.09986 6 5
75 6251 22643 2.17883 3 5.15966 6 5
80 6612 22746 2.18948 3 5.25958 6 5
85 6880 22809 2.1517 3 5.32965 6 5
90 7231 22906 2.16444 3 5.41973 6 5
95 7489 22973 2.13503 3 5.47979 6 5
100 7863 23084 2.15195 3 5.56988 6 5
105 8118 23150 2.12887 3 5.62991 6 5
110 8495 23237 2.1435 3 5.7199 6 5
115 8752 23316 2.12417 3 5.7799 6 5
120 9139 23407 2.13481 3 5.86986 6 5
125 9400 23482 2.11375 3 5.92984 6 5
130 9905 23711 2.13264 3 6.00984 7 6
135 10290 23773 2.14824 3 6.04989 7 6
140 10779 23876 2.19971 3 6.09996 7 6
145 11097 23937 2.20536 3 6.13 7 6
150 11603 24025 2.2526 3 6.18007 7 6
155 11928 24120 2.25536 3 6.21011 7 6
160 12436 24194 2.30213 3 6.26018 7 6
165 12786 24269 2.31165 3 6.30023 7 6
170 13267 24391 2.35311 3 6.35026 7 6
175 13599 24443 2.35525 3 6.38023 7 6
180 14099 24527 2.39421 3 6.43018 7 6
185 14452 24631 2.39328 3 6.46015 7 6
190 14914 24674 2.42674 3 6.5101 7 6
195 15283 24762 2.43084 3 6.55005 7 6
200 15781 24849 2.46008 3 6.6 7 6
205 16111 24907 2.45625 3 6.62997 7 6
210 16606 25005 2.4842 3 6.67994 7 6
215 16947 25080 2.48142 3 6.70994 7 6
220 17413 25171 2.50258 3 6.74995 7 6
225 17763 25239 2.50102 3 6.77995 7 6
230 18244 25318 2.52269 3 6.81996 7 6
235 18556 25385 2.51344 3 6.83996 7 6
240 19019 25476 2.53368 3 6.87997 7 6
245 19369 25553 2.53167 3 6.90997 7 6
250 19862 25645 2.54896 3 6.94997 7 6
255 20183 25704 2.54578 3 6.97997 7 6
260 20866 25976 2.57608 4 7.00998 8 7
265 21308 26067 2.59039 4 7.03001 8 7
270 21884 26147 2.6279 4 7.05004 8 7
275 22326 26235 2.64586 4 7.07007 8 7
280 22938 26310 2.6911 4 7.10011 8 7
285 23298 26392 2.69445 4 7.11012 8 7
290 23936 26456 2.73907 4 7.14016 8 7
295 24312 26545 2.74264 4 7.15017 8 7
300 25093 26879 2.7845 4 7.18021 8 7
305 25406 26717 2.79859 4 7.20024 8 7
310 25995 26803 2.83061 4 7.22027 8 7
315 26403 26886 2.83901 4 7.2403 8 7
320 27011 26927 2.86726 4 7.26032 8 7
325 27430 27044 2.87545 4 7.28035 8 7
330 28008 27077 2.90181 4 7.30038 8 7
335 28462 27173 2.91192 4 7.3204 8 7
340 29070 27248 2.94488 4 7.35045 8 7
345 29360 27309 2.9329 4 7.35045 8 7
350 29966 27394 2.96161 4 7.38049 8 7
355 30353 27448 2.96188 4 7.3905 8 7
360 30953 27539 2.98289 4 7.41053 8 7
365 31387 27596 2.98952 4 7.43055 8 7
370 31910 27675 3.0032 4 7.44054 8 7
375 32351 27765 3.00517 4 7.46053 8 7
380 32854 27814 3.01708 4 7.47052 8 7
385 33310 27896 3.02448 4 7.49051 8 7
390 33927 27963 3.05176 4 7.52049 8 7
395 34265 28033 3.0494 4 7.53048 8 7
400 34859 28099 3.0757 4 7.56046 8 7
405 35231 28146 3.07254 4 7.57045 8 7
410 35824 28246 3.09826 4 7.60043 8 7
415 36272 28320 3.10509 4 7.62041 8 7
420 36833 28341 3.12503 4 7.6404 8 7
425 37300 28455 3.1287 4 7.66038 8 7
430 37851 28489 3.14751 4 7.68037 8 7
435 38286 28572 3.15138 4 7.70035 8 7
440 38900 28621 3.16862 4 7.72035 8 7
445 39375 28718 3.17419 4 7.74035 8 7
450 39957 28754 3.19651 4 7.77036 8 7
455 40329 28846 3.19215 4 7.78036 8 7
460 40944 28910 3.21331 4 7.81037 8 7
465 41297 28978 3.20957 4 7.82038 8 7
470 41880 29031 3.23037 4 7.85039 8 7
475 42313 29122 3.2319 4 7.87039 8 7
480 42815 29190 3.24048 4 7.8804 8 7
485 43236 29240 3.23926 4 7.9004 8 7
490 43766 29281 3.24675 4 7.91041 8 7
495 44223 29367 3.24863 4 7.93041 8 7
500 44789 29426 3.26138 4 7.95042 8 7
505 45185 29499 3.2574 4 7.96042 8 7
510 45785 29526 3.27437 4 7.99043 8 7
515 46398 29827 3.27016 4 8.00043 8 8
520 46980 29904 3.28832 4 8.00043 8 8
525 47437 29954 3.29072 4 8.00043 8 8
530 47195 30013 3.24568 4 8.02037 9 8
535 46816 30051 3.18983 4 8.04031 9 8
540 47535 30513 3.17534 4 8.05028 9 8
545 47408 30219 3.17807 4 8.05028 9 8
550 48011 30266 3.19247 4 8.05028 9 8
555 47665 30301 3.14087 4 8.07023 9 8
560 47130 30352 3.07804 4 8.10014 9 8
565 47527 30427 3.07692 4 8.10014 9 8
570 48167 30523 3.09543 4 8.10014 9 8
575 48526 30548 3.09358 4 8.10014 9 8
580 47993 30637 3.03217 4 8.13005 9 8
585 47623 30630 2.98432 4 8.15 9 8
590 48182 30707 2.99824 4 8.15 9 8
595 48592 30753 3.00127 4 8.15 9 8
600 49069 30852 3.00901 4 8.15 9 8
605 48701 30890 2.96153 4 8.16994 9 8
610 48491 30935 2.92396 4 8.18988 9 8
615 48902 31019 2.92406 4 8.18988 9 8
620 49527 31069 2.94081 4 8.18988 9 8
625 49835 31123 2.93431 4 8.18988 9 8
630 49310 31189 2.87799 4 8.2198 9 8
635 49296 31245 2.85365 4 8.22977 9 8
640 49904 31333 2.86749 4 8.22977 9 8
645 50284 31370 2.87179 4 8.22977 9 8
650 50424 31437 2.86153 4 8.23974 9 8
655 50039 31467 2.81826 4 8.25968 9 8
660 49836 31531 2.78569 4 8.27962 9 8
665 50285 31608 2.79223 4 8.27962 9 8
670 50870 31653 2.8101 4 8.27962 9 8
675 50850 31684 2.78855 4 8.28959 9 8
680 50321 31790 2.73904 4 8.31951 9 8
685 50337 31819 2.7182 4 8.32948 9 8
690 50974 31895 2.73679 4 8.32948 9 8
695 51406 31897 2.74344 4 8.32948 9 8
700 51196 31956 2.71346 4 8.34942 9 8
705 50837 31985 2.67441 4 8.36936 9 8
710 51183 32333 2.6667 4 8.37933 9 8
715 51452 32147 2.67144 4 8.37933 9 8
720 52009 32231 2.68528 4 8.37933 9 8
725 51633 32240 2.64911 4 8.39928 9 8
730 51063 32295 2.60176 4 8.42919 9 8
735 51411 32340 2.59838 4 8.42919 9 8
740 51956 32381 2.61496 4 8.42919 9 8
745 52380 32428 2.61714 4 8.42919 9 8
750 52126 32482 2.58879 4 8.44913 9 8
755 51811 32523 2.55398 4 8.46907 9 8
760 52353 32628 2.56296 4 8.46907 9 8
765 52728 32643 2.56677 4 8.46907 9 8
770 53287 32720 2.58032 4 8.46907 9 8
775 52973 32754 2.5473 4 8.48902 9 8
780 52428 32858 2.50477 4 8.51902 9 8
785 52814 32930 2.50723 4 8.51902 9 8
790 53401 32944 2.52398 4 8.51902 9 8
795 53763 33032 2.52594 4 8.51902 9 8
800 53241 33097 2.48568 4 8.54907 9 8
805 52911 33145 2.4549 4 8.5691 9 8
810 53495 33161 2.46908 4 8.5691 9 8
815 53900 33225 2.47515 4 8.5691 9 8
820 54109 33202 2.47049 4 8.57912 9 8
825 53778 33285 2.43886 4 8.59915 9 8
830 53543 33299 2.41546 4 8.61918 9 8
835 53999 33359 2.42256 4 8.61918 9 8
840 54601 33438 2.43864 4 8.61918 9 8
845 54614 33475 2.42277 4 8.6292 9 8
850 54061 33523 2.38472 4 8.65925 9 8
855 54024 33563 2.36969 4 8.66926 9 8
860 54610 33667 2.38174 4 8.66926 9 8
865 55014 33688 2.38788 4 8.66926 9 8
870 55132 33741 2.37965 4 8.67928 9 8
875 54770 33770 2.34865 4 8.69931 9 8
880 55110 34017 2.34068 4 8.70933 9 8
885 55398 33930 2.34696 4 8.70933 9 8
890 55931 33984 2.35869 4 8.70933 9 8
895 55925 34026 2.34442 4 8.71935 9 8
900 55334 34062 2.30908 4 8.74939 9 8
905 55338 34143 2.29493 4 8.7594 9 8
910 55952 34175 2.31051 4 8.7594 9 8
915 56385 34246 2.31754 4 8.7594 9 8
920 56154 34274 2.29699 4 8.77941 9 8
925 55812 34369 2.26982 4 8.79941 9 8
930 56020 34426 2.26679 4 8.80942 9 8
935 56435 34451 2.27321 4 8.80942 9 8
940 57029 34488 2.28635 4 8.80942 9 8
945 56675 34515 2.26095 4 8.82943 9 8
950 56173 34636 2.22846 4 8.85944 9 8
955 56574 34695 2.23183 4 8.85944 9 8
960 57131 34689 2.24683 4 8.85944 9 8
965 57522 34802 2.25042 4 8.85944 9 8
970 56981 34859 2.21775 4 8.88945 9 8
975 56671 34917 2.19326 4 8.90944 9 8
980 57197 34947 2.2058 4 8.90944 9 8
985 57554 34999 2.21049 4 8.90944 9 8
990 58076 35060 2.21909 4 8.90944 9 8
995 57740 35136 2.19474 4 8.92944 9 8
1000 57561 35244 2.17571 4 8.94944 9 8
1005 57933 35226 2.17939 4 8.94944 9 8
1010 58573 35319 2.1935 4 8.94944 9 8
1015 58936 35450 2.19307 4 8.94944 9 8
1020 58357 35497 2.16144 4 8.97945 9 8
1025 58289 35751 2.13832 4 8.99946 9 9
1030 59117 36378 2.15063 4 8.99946 9 9
1035 59345 36210 2.1565 4 8.99946 9 9
1040 59444 36064 2.15384 4 8.99946 9 9
1045 59294 36007 2.13973 4 9.00947 10 9
1050 59284 36065 2.1323 4 9.01948 10 9
1055 59650 36000 2.13952 4 9.01948 10 9
1060 60272 36017 2.15452 4 9.01948 10 9
1065 60488 36084 2.15341 4 9.0295 10 9
1070 60231 36169 2.13439 4 9.03951 10 9
1075 60390 36208 2.13353 4 9.04952 10 9
1080 60994 36228 2.14763 4 9.04952 10 9
1085 61462 36291 2.15442 4 9.04952 10 9
